cheng_zebrafish_region_2,cheng_zebrafish_region_3,cheng_zebrafish_region_4,cheng_zebrafish_region_5,cheng_zebrafish_region_6,cheng_zebrafish_region_7,cheng_zebrafish_region_8,cheng_zebrafish_region_9,cheng_zebrafish_region_10,data/motif/Biofilm/ecoli_Pos11-kde2011.h5,data/motif/Biofilm/ecoli_Pos14_3-kde2011.h5,data/motif/Biofilm/ecoli_Pos19-kde2011.h5,data/motif/Biofilm/ecoli_Pos32-kde2011.h5,data/motif/Biofilm/ecoli_Pos6_3-kde2011.h5,data/motif/Biofilm/pseudomonas_Pos11.h5,data/motif/Biofilm/pseudomonas_Pos28.h5,data/motif/Biofilm/pseudomonas_Pos41.h5,data/motif/Biofilm/pseudomonas_Pos47.h5,data/motif/Biofilm/pseudomonas_Pos5.h5,data/motif/Biofilm/salmonella_Pos10.h5,data/motif/Biofilm/salmonella_Pos13.h5,data/motif/Biofilm/salmonella_Pos16.h5,data/motif/Biofilm/salmonella_Pos19.h5,data/motif/Biofilm/salmonella_Pos21.h5,data/motif/Biofilm/vibrio_Pos11-kdv615.h5,data/motif/Biofilm/vibrio_Pos16-kdv615.h5,data/motif/Biofilm/vibrio_Pos23-kdv615.h5,data/motif/Biofilm/vibrio_Pos27-kdv615.h5,data/motif/Biofilm/vibrio_Pos5-kdv615.h5,data/motif/Keller2008/zebrafish_embryo_150.h5,data/motif/Keller2008/zebrafish_embryo_230.h5,data/motif/Keller2008/zebrafish_embryo_310.h5,data/motif/Keller2008/zebrafish_embryo_390.h5,data/motif/Keller2008/zebrafish_embryo_470.h5,data/motif/Keller2008/zebrafish_embryo_550.h5,data/motif/Keller2008/zebrafish_embryo_630.h5,data/motif/Keller2008/zebrafish_embryo_710.h5,data/motif/Keller2008/zebrafish_embryo_790.h5,data/motif/Keller2008/zebrafish_embryo_870.h5,data/motif/Keller2010/fly_embryo_51.h5,data/motif/Keller2010/fly_embryo_61.h5,data/motif/Keller2010/fly_embryo_71.h5,data/motif/Keller2010/fly_embryo_81.h5,data/motif/Keller2010/fly_embryo_91.h5,data/motif/Keller2010/fly_embryo_101.h5,data/motif/Keller2010/fly_embryo_111.h5,data/motif/Keller2010/fly_embryo_121.h5,data/motif/Keller2010/fly_embryo_131.h5,data/motif/Keller2010/fly_embryo_141.h5,data/motif/Keller2010/fly_embryo_151.h5,data/motif/Keller2010/fly_embryo_161.h5,data/motif/Keller2010/fly_embryo_171.h5,data/motif/Keller2010/fly_embryo_181.h5,worm,ascidian,Guo_organoid,data/motif/Packing/PackedEllipses1.h5,data/motif/Packing/PackedMandM1.h5,data/motif/Packing/PackedIreg1.h5,data/motif/Packing/PackedSpheres1.h5,data/motif/Packing/PolySpheres1.h5,data/motif/Packing/PackedEllipses2.h5,data/motif/Packing/PackedMandM2.h5,data/motif/Packing/PackedIreg2.h5,data/motif/Packing/PackedSpheres2.h5,data/motif/Packing/PolySpheres2.h5,data/motif/Packing/PackedEllipses3.h5,data/motif/Packing/PackedMandM3.h5,data/motif/Packing/PackedIreg3.h5,data/motif/Packing/PackedSpheres3.h5,data/motif/Packing/PolySpheres3.h5,data/motif/Packing/PackedEllipses4.h5,data/motif/Packing/PackedMandM4.h5,data/motif/Packing/PackedIreg4.h5,data/motif/Packing/PackedSpheres4.h5,data/motif/Packing/PolySpheres4.h5,data/motif/Packing/PackedEllipses5.h5,data/motif/Packing/PackedMandM5.h5,data/motif/Packing/PackedIreg5.h5,data/motif/Packing/PackedSpheres5.h5,data/motif/Packing/PolySpheres5.h5,data/motif/PV/PV_1.h5,data/motif/PV/PV_2.h5,data/motif/PV/PV_3.h5,data/motif/PV/PV_4.h5,data/motif/PV/PV_5.h5,data/motif/Glassy/glass_T_044_1.h5,data/motif/Glassy/glass_T_044_2.h5,data/motif/Glassy/glass_T_044_3.h5,data/motif/HYGStarDatabase/star_positions.h5,data/motif/DLA/DLA_1.h5,data/motif/DLA/DLA_2.h5,data/motif/DLA/DLA_3.h5,data/motif/DLA/DLA_4.h5,data/motif/DLA/DLA_5.h5,Plant_1,Plant_2,Plant_4,Plant_13,Plant_15,Plant_18,foam,bubbles,yeast
0.0,3.827943258184862,4.639283643180108,5.02465050304531,3.272032789697841,5.107282773294235,4.556294168735807,3.047878800160624,3.5256622114780534,2.9948723408952325,2.9727946590362566,2.9388114099344924,3.1022807380598554,2.9693360802767748,4.026144666729735,4.0878799737855465,4.042946981235712,4.293896800631457,4.28698105836551,4.594849639483922,4.568265799288984,4.797989568541891,4.529956808451741,4.9727412106854265,4.489894919211105,4.390037048755063,4.361558217911655,4.333977802062503,4.246439440892348,3.4430293521135096,2.432623607176246,4.082803820537464,3.8164379223577996,3.8134028258726937,3.525986666089376,4.0349845688696355,4.1733967546114545,4.4850810276590085,4.626525390922112,2.219742337229116,2.188144633960555,2.213169483662745,2.2011865530566332,2.249955564008397,2.3329025075010668,2.2801456934181363,2.2888855281274068,2.35334129568942,2.306987352802932,2.3435838697260003,2.2749131024456366,2.2801145490249453,2.2786411406926983,3.501632578442392,4.380157323274531,3.3722862080795872,5.772011616654461,5.812149774471781,8.042319184429495,11.999709908338584,10.275027182117825,6.12810032615181,6.090675546762498,8.231921132442608,12.000479546096681,10.282027700040178,6.138983185359317,5.9622511213338,8.345999975347809,11.990130305909439,10.427699922600016,6.130569962613221,6.218491432680551,8.160833016193658,11.938820871592087,10.335544641740467,6.00832129689686,6.150446545965572,8.16704002116952,11.989785220577936,10.316634049557548,2.8731172687837363,2.8638958509507546,2.936266558127845,2.889760794125004,3.1384957156176965,11.699244823348682,11.65908879058626,11.685723889755792,2.181809864144423,4.981538053676314,4.892103857086206,4.904078305768039,4.9423704002951805,4.916679996999526,6.501775017059543,6.807809531657002,5.407368973927335,6.963311733451949,6.10508198667037,7.185768040569731,2.8293092868506324,2.2050463823167026,3.6818004273310985
3.827943258184862,0.0,2.118978060819205,2.3461001135870454,2.6253499268063303,2.4033901113665666,2.2664604908431714,3.132898246495359,2.1195833608402914,2.156084304728799,2.3716452242250265,2.253218139223206,2.0892508420901956,2.389949121418497,1.992174252229068,2.0369809702129955,1.9500846889602728,2.108897793977877,2.1628959641565695,2.15770970841065,2.1570816765018646,2.3467534956394633,2.180363772357115,2.4273908983307493,2.2363618211592007,2.241652223000341,2.211322619597101,2.1903477484651726,2.142011732390656,3.77596025242021,3.7078477222874673,6.8097105859102145,6.500317367281642,6.51211281647975,6.197806823229682,6.771912937537973,6.9311418279877675,7.268840893579742,7.414829174341562,3.62873328145219,3.5323063908011054,3.407671262066903,3.326869998519908,3.1379455114254946,2.9332358619077494,2.9196548035364938,2.916185596975506,2.856199522664767,2.853427609594948,2.8172399082296335,2.859803978515454,2.8969136108300586,2.875233900842349,3.0184244647456207,2.3923511302834957,4.458783624352943,3.346362828626858,3.4637233440474713,5.2922067736347245,9.165237421340155,7.441502647301944,3.6829627211513656,3.802940966238087,5.51442357052921,9.168397882699923,7.45154097232011,3.726847641318156,3.756561394407381,5.607064758359852,9.157045083485809,7.585512926457927,3.7187640123798777,3.9143751188878464,5.438754765072169,9.110585812687718,7.503755210981376,3.620255396529549,3.8500885056114242,5.446666268815237,9.159707537898278,7.481926284715369,3.228518997970226,3.3699042508059,3.3040149253132975,3.3520585422854685,3.1591902834264878,8.90178655650861,8.850254468938331,8.888019808193636,2.8317973958735596,7.9795720803133365,7.890667291810717,7.9015920813342,7.941724048831613,7.918127087275525,3.72033753175292,4.06364056440351,3.0718193145301913,4.225179258964855,3.490125709602335,4.430211397499136,2.433825031904978,3.2633894590668224,3.369953932915174
4.639283643180108,2.118978060819205,0.0,1.4717701420149927,3.192380732337095,1.4730672623643488,2.076423074856408,3.779334133867062,2.5841052383242937,2.737035669457694,2.9972718428529994,2.879021116461379,2.643877240907645,3.0286786594924715,2.0616938868008883,2.0931003736862195,1.9497721860979063,1.9877216737270313,2.0970393853021054,1.7045363418845507,1.7591374924833525,1.7859937118341351,1.8512523734598845,1.7487487819176861,2.0310904593769377,2.134452206339533,2.078243702185263,2.084302550617162,2.1043513051498874,4.42527015988461,4.480540463156442,7.679023453867284,7.35620614329996,7.366910666610339,7.051244445650445,7.636294252051391,7.794282745451554,8.137260856538106,8.28712322896418,4.437453974183452,4.32901708347418,4.205095222393377,4.123665725529744,3.9182332179033406,3.709713084014134,3.7024782301001364,3.68024878551056,3.6026741509263127,3.6049901693159603,3.569944380638752,3.6162200051237496,3.6622936758555262,3.6270741293055884,3.5608862987051375,2.4155645443340537,5.133270424515599,2.6780941269946856,2.8832343932182214,4.3188781596817485,8.164670312145523,6.428620211511,2.990994592628926,3.212135254318447,4.561591329824698,8.169630107288269,6.443097763668751,3.045090566541302,3.2471686126499484,4.653001073277553,8.160039924979444,6.575664826057151,3.0305453724038474,3.2937643767765947,4.500213938335033,8.108077695912812,6.48933551335111,2.973983451365614,3.2513780633835703,4.488606873926614,8.156726862569354,6.4681184995875824,3.90576584072363,4.0460227845569605,3.980481368328152,4.033917761489266,3.7809012326586675,7.946333083932625,7.885456073206322,7.924663825110694,3.550141069761211,8.871975548325507,8.77923267049103,8.796437300890302,8.837647371369467,8.813121289032141,2.719132338486457,3.121797788327795,2.606542268254408,3.2688978725748017,2.6453371754336956,3.469532786194253,3.103905278020423,4.02139520172436,3.95955600056097
5.02465050304531,2.3461001135870454,1.4717701420149927,0.0,3.4965694479384233,0.9414017387247804,2.156603586113251,4.097235186728104,2.866752137459353,3.058236841203752,3.3273324686551744,3.202663992988258,2.943131419359054,3.3576718858333945,2.25026390219806,2.275897178619169,2.125250233447006,2.11868333568343,2.24240564394192,1.730936434128587,1.8013300966013026,1.7200272190415253,1.9105709651225702,1.5708745411447824,2.1124141015715803,2.2581264476488494,2.2055573158321877,2.231084746980083,2.283213377222108,4.732382496618691,4.83378139566063,8.072411948537933,7.746194597400447,7.753874323969084,7.435582336939099,8.025406558835865,8.18577854185013,8.530392552365692,8.682524399441853,4.817237166369174,4.705704191885765,4.582590456530875,4.493489715826989,4.29282322820024,4.073931102468681,4.063945730107173,4.0424146179489675,3.95987826652932,3.966660348055658,3.9348166008994188,3.9752237132860895,4.025650490858949,3.992657050912776,3.852675783721344,2.553349712113379,5.456841733195008,2.4174643930593476,2.6599226466312205,3.767943317395746,7.592176851713393,5.82935291374368,2.686869017652797,2.9803011739716734,4.022510766758961,7.595703669350798,5.846636197505632,2.755248612486138,3.09297411763169,4.111988084375525,7.589248678421643,5.977045200457679,2.734132896716532,3.042035407041862,3.9543510737025462,7.536964578230642,5.890938567082814,2.719366512326743,3.0032704360921136,3.950174325855152,7.586586569971262,5.867348394740996,4.238228270086363,4.378003927302016,4.315120560379836,4.367081891129091,4.096464740038291,7.38529120645879,7.323697275917942,7.365852128471126,3.888862996322683,9.289655121143301,9.197191715414423,9.216033368268748,9.255066260891578,9.230314751813072,2.12911101012594,2.57139214137552,2.4092900119224403,2.7211037948520325,2.1855324914302354,2.90544046247836,3.432031318884703,4.380225783387156,4.226136209785951
3.272032789697841,2.6253499268063303,3.192380732337095,3.4965694479384233,0.0,3.5555391223490433,3.194999190448572,2.9036908996547695,2.525078546892651,2.3187357968650564,2.453016819771725,2.3634968293971315,2.323486875620591,2.4519568790370467,2.811862625173807,2.8571941353697117,2.7998966563791807,2.9836447027931596,3.00251225351933,3.2004122233573393,3.1641295098493245,3.3609807566581287,3.1556082990286956,3.5034533344246914,3.173195708481569,3.102025191293283,3.0762454064880194,3.0328087955980116,2.9757916507329316,3.6401628088137628,3.32548429782093,6.181217691817215,5.885255590249672,5.895395163492957,5.590720390338417,6.143701334731958,6.293542512969988,6.618709933281041,6.764092880798289,3.154236158294281,3.0572177883860805,2.962739590987126,2.9174878534482236,2.7582230819674955,2.6285720955552314,2.600267353368497,2.607130859354733,2.541187285257278,2.5495759703678096,2.5332667144723278,2.5393387671782564,2.5884304093483417,2.552087573588133,3.000881343050597,3.099165556483504,4.074470220778242,4.274925789884978,4.358416100159917,6.378369961901351,10.263306420694658,8.581787347075485,4.655202287406696,4.666342926436838,6.569064924266778,10.263255920057507,8.586485933382974,4.667401400392112,4.591919665826261,6.683325443350286,10.25443409231767,8.725553033032384,4.652133665471629,4.778011773881561,6.501205373267801,10.20196887408785,8.637435661557266,4.565930213542169,4.715132467956363,6.496696435511318,10.25106856089133,8.617212440325835,2.9171840563781473,3.042146497300811,2.9974432316131416,3.0199824124115127,2.9542473155460653,10.005611584199215,9.951198599406482,9.990636661785064,2.494393753492163,7.2190639042557585,7.13112679227851,7.14318355443423,7.183983878407346,7.1585277375433725,4.878055924027869,5.173864402330725,3.9770322453842555,5.336799252430744,4.545037171501017,5.555944097788183,2.4037649504336605,2.823807887087981,3.3798432160925316
5.107282773294235,2.4033901113665666,1.4730672623643488,0.9414017387247804,3.5555391223490433,0.0,2.1791156869449795,4.167132062316499,2.9277447559232845,3.12912853610815,3.397514371022856,3.2752455418670126,3.0077257840071487,3.430542125647934,2.286782608151424,2.315663005557528,2.170796406267444,2.152676735259932,2.278992542978253,1.7411818524885874,1.820866468539757,1.7166770579884063,1.938512761963091,1.5456063495744634,2.1374740063100637,2.2944882661964954,2.233308036185046,2.255009403717072,2.3167823982078026,4.805466262278607,4.923845598898447,8.169119770586125,7.8376553043828805,7.842635302666103,7.523131970042606,8.114169327174668,8.272333322174887,8.620513240440264,8.771486187441079,4.902564642006005,4.791815340168528,4.667109112816061,4.57959688758806,4.372761073911674,4.159743417761433,4.146437435924414,4.125326218254624,4.036123754500973,4.052047771084842,4.012919317322117,4.056784505647052,4.107702312674097,4.074768129740881,3.9160412242488505,2.5660994737983005,5.538297274457282,2.3511217236194364,2.611463350452623,3.6232608917731057,7.45606838932115,5.696488403757922,2.620589550027863,2.9302425649707216,3.8789934755462623,7.458445193067096,5.710272816302165,2.677286299449555,3.047740463200819,3.966412487325069,7.451959321744486,5.843497280279313,2.6657470018639664,2.977340702302345,3.8149835643777714,7.399909295346234,5.75775063141725,2.666759582355241,2.9646001467423675,3.816111888877912,7.449549819993667,5.7336606201002125,4.3026369904303605,4.4491850387744645,4.3855346170744545,4.438640150870986,4.16250502661852,7.251250909295056,7.188472441815213,7.229900564894406,3.958452250322214,9.38335246713148,9.289115209975822,9.308496725543964,9.348738641357487,9.323746161145198,1.9714121574593493,2.433701980297129,2.369672266490851,2.5748589017034424,2.08766527893033,2.7588244245195774,3.5029297544861127,4.4617721987317625,4.2976191053159685
4.556294168735807,2.2664604908431714,2.076423074856408,2.156603586113251,3.194999190448572,2.1791156869449795,0.0,3.735096017013035,2.655608638221793,2.828219124339695,3.05185042665052,2.9555031675647,2.746591010560887,3.0755273291223926,2.3639445940159662,2.3783803314885024,2.284235276281737,2.389478216349781,2.4196146463627812,2.192865396439891,2.2181702927882117,2.323145220634986,2.248860717115065,2.3517124703147503,2.428488462579689,2.4693606511139023,2.4397906591349914,2.417321605305651,2.415980195591986,4.428418091525292,4.416178749987447,7.53006470390843,7.223096253840065,7.239038988895283,6.929409268547505,7.502404365757142,7.659247595374199,7.9982651031203,8.14597940475805,4.337667112176531,4.226791768745514,4.107618897460959,4.026859993620764,3.8554712526708865,3.6517668866248574,3.6507229104275405,3.6300125166845865,3.5619646556608098,3.566126079142652,3.53379248191124,3.58113766421906,3.6262465549385587,3.5899151478839944,3.5632020106439293,2.651629228699618,5.063909689016564,3.224690437534719,3.4095819587748974,4.8992037126371155,8.720548021160525,6.959656432767462,3.4878566791007293,3.6932426155493383,5.1243298000135535,8.718799473658317,6.968707048020633,3.5709944243914755,3.7100485592821077,5.236018113207994,8.716728568132492,7.106130263358554,3.543017138412889,3.809144977299322,5.08661407785158,8.658530117510361,7.021613937170843,3.4988745791041582,3.755735665866399,5.063821173245971,8.711353384379432,6.999765468165427,3.888229217134216,4.022878638222551,3.959089221733202,4.010383862622379,3.7906365330221017,8.454540880511798,8.39763844178693,8.429817870288401,3.566302484612809,8.719149233789725,8.630163980884294,8.645148130159951,8.684018392856153,8.655993405138936,3.3886120538680653,3.705640949053139,2.8964544912162458,3.867403708593683,3.181788833468743,4.066393440166779,3.0731645013173052,3.9624838055797853,3.8766937802937784
3.047878800160624,3.132898246495359,3.779334133867062,4.097235186728104,2.9036908996547695,4.167132062316499,3.735096017013035,0.0,2.9579938172209594,2.65609627132038,2.6941269284990366,2.658929684546386,2.693330765579927,2.7203406582420158,3.3238382511730915,3.3684379047762056,3.326471062978989,3.5525968663879137,3.54226687715075,3.741570692404599,3.736283239534677,3.9424478827503497,3.716969751665997,4.083990228976562,3.715781391647062,3.6246199970758264,3.6215852749340094,3.578613342843079,3.509288965688358,3.7043120932423284,3.171108074660954,5.815716940678207,5.543906001147962,5.562086529919858,5.265308590863887,5.7966319338028285,5.944529772838189,6.26700716695083,6.4057231780734885,2.978060916515265,2.8785997174935973,2.8069985015611367,2.7793219744165754,2.6869604957068316,2.6176477747009077,2.5611668025484216,2.59356483786602,2.5873393197488075,2.5464219659590572,2.5625731774068488,2.535007112711372,2.560571167822502,2.5361784045895512,3.1624108175234262,3.6513938366802687,3.9167655994829205,4.875396714773078,4.939437247082992,6.995635903675873,10.879146795479283,9.172276376380761,5.190911430221368,5.208817391476452,7.194714352734392,10.883731217274896,9.178693467612558,5.214497705800597,5.111490011055045,7.281724509916675,10.873614925672722,9.31790960374974,5.220290591582816,5.331344926310504,7.103636335261077,10.819020866000493,9.232946923166192,5.120464730533075,5.283839132290686,7.099939076587612,10.869924292094584,9.20873936145079,3.005680458960075,3.1119803827845693,3.0959092298610833,3.0926820818064926,3.087821901655288,10.59202776670606,10.548633413145424,10.578292636439045,2.522541122532772,6.86213343730931,6.777619835403751,6.78358105725866,6.82384438452703,6.797631447651204,5.487471045583655,5.785626681413024,4.530219518112959,5.935872468420366,5.120128889073977,6.14936090310605,2.5393239744645566,2.762899764023339,3.446281598835436
3.5256622114780534,2.1195833608402914,2.5841052383242937,2.866752137459353,2.525078546892651,2.9277447559232845,2.655608638221793,2.9579938172209594,0.0,2.0813136318281327,2.252014958045135,2.1490243389129073,2.0533609325689306,2.2786656010027073,2.2776039226022236,2.3332893813062237,2.2481508855891743,2.447482032239929,2.469553948412387,2.604989993521933,2.5870989655585657,2.7744140294121786,2.581158998819957,2.898854476554198,2.5887590838991192,2.5522681260641704,2.528442884007463,2.4943637823089597,2.438310415664816,3.661551770806004,3.4706581000891044,6.4781481496827835,6.179185801504219,6.1895790468661644,5.877890985520805,6.442755013546274,6.598066930850616,6.931921128048782,7.07740099022865,3.3415213508043626,3.2475877759554885,3.1190611880453694,3.045912251895245,2.8861973557731386,2.712220931005432,2.6884383464884296,2.6782150521646946,2.621025395805317,2.6193764434594726,2.578025034852631,2.6339326299240593,2.6611976783878006,2.6269653238175357,2.9313479448382322,2.659188350695203,4.229823449229436,3.7427518294373727,3.852745902381555,5.768718784609147,9.670732973153942,7.966422440246174,4.087308553360571,4.1616191325329215,5.999962113410107,9.671032860815316,7.972969675844675,4.132993805547511,4.075416384005782,6.09475358028088,9.663738525759445,8.111103838048452,4.111500138684036,4.26475384776354,5.917234890981566,9.608313572230294,8.026989546485819,4.013645675264735,4.1887092206905425,5.915966890148512,9.663172242903183,8.001955253930864,3.0016767667073205,3.1530938872731498,3.100561142824576,3.13292198221531,2.9572443629685337,9.441898139524401,9.384106585153617,9.423021218023337,2.6010542577205626,7.600624004897208,7.509511514320289,7.52149974833007,7.563765866645523,7.537436819603431,4.24955713386858,4.568809982639654,3.4635735441743924,4.723026602543199,3.95729237243971,4.941229332683539,2.348895005459218,3.0119141109015617,3.326415001480573
2.9948723408952325,2.156084304728799,2.737035669457694,3.058236841203752,2.3187357968650564,3.12912853610815,2.828219124339695,2.65609627132038,2.0813136318281327,0.0,1.7928958262370103,1.6705678874533145,1.6185382158365333,1.8123751947949267,2.2354370688010983,2.293893608971363,2.2084938642875303,2.4372026695568643,2.4749625686299264,2.7118966235854343,2.7204885628008473,2.898472131727883,2.7129389165241014,3.0622441463158414,2.646601707527122,2.567204386338018,2.5483759714399508,2.503924416032728,2.4317833132055173,3.4010085974473814,3.0218450786966464,5.94639789100035,5.637791493164061,5.642231820360212,5.3254919613325296,5.894782727498239,6.043019839803749,6.375849362519353,6.525347521882345,2.8296316988881625,2.7545426374255895,2.6322040131658286,2.540035676577851,2.3738219133645098,2.1803129812881243,2.184100770958116,2.1501395503224634,2.073570828614692,2.081489457736055,2.0582408876763356,2.0851265146917735,2.1324692861682024,2.1030370559923783,2.674347848605783,2.6552128475329213,3.846344316749434,3.8498402162216596,3.9278057176920274,6.009793889309921,9.95343114820441,8.294491533861688,4.236846720404423,4.229859691948314,6.2169202118648075,9.954192110291954,8.307584129155869,4.256412135762871,4.120097739500368,6.322014050016506,9.945958151514972,8.446172847738435,4.239507548448493,4.346959071627213,6.135970428025776,9.892744921953344,8.358834063134069,4.138812540624272,4.29440616949142,6.153777951524541,9.94620422479279,8.336627006261995,2.544760174529509,2.6566183090587794,2.6096174828549468,2.641482941620475,2.520648199235646,9.745747816349514,9.695892177673059,9.732055561638653,1.9994875409313562,7.015999179860298,6.927113370729559,6.939718081221175,6.984389440076519,6.956330176825291,4.482400762937881,4.80799300524057,3.6874952076350835,4.959924425460833,4.197748651264377,5.187185952979106,2.1109235744406485,2.499807201696992,3.1665937335816383
2.9727946590362566,2.3716452242250265,2.9972718428529994,3.3273324686551744,2.453016819771725,3.397514371022856,3.05185042665052,2.6941269284990366,2.252014958045135,1.7928958262370103,0.0,1.8091679992406815,1.8094391921169348,1.9194460571063225,2.459539368279372,2.525036045649009,2.4491332918511803,2.6768033803225393,2.6905596152691276,2.960538550178267,2.9679079423923103,3.158320785870983,2.9382343492745657,3.312260404556259,2.8775728911278184,2.791583899106731,2.7832848071433967,2.7236031974587296,2.656261382714845,3.4923692724870725,3.0205296853752026,5.876723179544515,5.5792223368155245,5.580679941951965,5.27052761984442,5.824683061058604,5.97576384772027,6.307813810126073,6.453545345141981,2.7929678805663736,2.7192592610839212,2.599013033741689,2.5198370498962275,2.355732502353486,2.189216562376716,2.1667015728327774,2.1432852603074126,2.09197761646916,2.0917320109807713,2.078517831004194,2.112799634101691,2.1531431270428314,2.1093582512259452,2.7404985890842464,2.876115493663983,3.826760048933193,4.07807539909453,4.137867340353537,6.2506615787543325,10.186718843536065,8.536440979900426,4.464320217755669,4.4476115060890535,6.45872760178855,10.187687789008173,8.54587721415384,4.4723649270893935,4.33389612444044,6.561818743526466,10.178919487961789,8.687706929234837,4.464932795463682,4.5615556076834185,6.391594198356637,10.125193440485003,8.596212200455902,4.371835804874686,4.501754893148346,6.381048093445716,10.179331556423268,8.575849038464067,2.57720822826256,2.69461470581464,2.622897086484274,2.646877405055001,2.5494626127527233,9.996031632449515,9.94270120653701,9.980082150004847,2.04266439722742,6.930411248784681,6.835939881952387,6.84803149259047,6.88813419246946,6.865762761480026,4.732651572620616,5.065854827090456,3.8976266406858215,5.198673776292499,4.444476322809008,5.428136073131347,2.1967473034148814,2.4948808560063847,3.239827720542364
2.9388114099344924,2.253218139223206,2.879021116461379,3.202663992988258,2.3634968293971315,3.2752455418670126,2.9555031675647,2.658929684546386,2.1490243389129073,1.6705678874533145,1.8091679992406815,0.0,1.6936092561871836,1.8357452707281858,2.3412208639850225,2.4123547180924305,2.3173158916725334,2.5794568030094336,2.5955894912845325,2.8444988779310307,2.852348320118682,3.027596802165402,2.8295005422563344,3.1916914584124956,2.769745235358579,2.6857997475373363,2.672388531155308,2.6299344114373744,2.554121775546874,3.435202425666417,2.994052408210356,5.879971491494452,5.573098895954955,5.574354334170532,5.2595838277901805,5.821407011952909,5.9710628010012785,6.303963345399916,6.4527440041828354,2.782428602585723,2.7059694534506957,2.594223038235965,2.489339130017596,2.3243578284408097,2.1635443309902476,2.1454365292251847,2.1029371202259726,2.0520081556732093,2.0435138090190597,2.0252802410978026,2.0642838132576875,2.1029187761168577,2.064480233653681,2.6930849664481085,2.7709908957378917,3.8000610555316445,3.9682395070850234,4.0371114140341895,6.142601054926699,10.086732615317132,8.432639239120203,4.369190386486911,4.340012342216929,6.349067593960648,10.088273366246064,8.445908611865287,4.370934988791701,4.231564311044233,6.451941705794853,10.078360426230223,8.58003058285848,4.361533176152797,4.463904407037207,6.272983228032134,10.028338829170995,8.495583229120243,4.259932482765166,4.402385777836978,6.279394858779512,10.079911918187639,8.475778084500904,2.5218890604823154,2.647222166116466,2.5807470224271976,2.597864210886713,2.5069675754074425,9.881653060022117,9.831987995728959,9.866356303520464,1.97440715974952,6.927828723401229,6.83757260055682,6.850564707538165,6.894905374323454,6.867804199608219,4.6213709273387975,4.951070901107633,3.7977114666978307,5.098548683246842,4.338864073722937,5.320690439190982,2.1362294055593267,2.456311342349805,3.1988341479612883
3.1022807380598554,2.0892508420901956,2.643877240907645,2.943131419359054,2.323486875620591,3.0077257840071487,2.746591010560887,2.693330765579927,2.0533609325689306,1.6185382158365333,1.8094391921169348,1.6936092561871836,0.0,1.846708315577657,2.135313294098176,2.198772523525824,2.113037384747366,2.3539822744516097,2.3871005051864893,2.624760919341066,2.6238718180799103,2.7943533881604354,2.6094656966654712,2.953418358150044,2.5604282212569442,2.4776923680269167,2.455987268686517,2.4076904241117636,2.350741753655714,3.4327876400771338,3.1074182595081274,6.072258177960462,5.76275036888885,5.765696648247981,5.45084609931598,6.018759671229144,6.168314969502198,6.504493228029618,6.651847231356664,2.9371105117512375,2.8586167697531026,2.730830081814881,2.637516760532868,2.454157708219236,2.2839453465382555,2.255402426850445,2.231102121584467,2.1519560201151187,2.1636711154554544,2.1303983202620294,2.171695010649922,2.2141964388387807,2.1837170333293674,2.6739482863860573,2.5803511764987155,3.904202169495007,3.7504278791111707,3.806263913193376,5.877169959847425,9.82604407694327,8.176943662743478,4.138890146758235,4.128487925355053,6.092170465424246,9.828063733259075,8.190572902735878,4.141076620874397,4.022188749614466,6.194608770706315,9.815647913239971,8.329236861927356,4.118397385422053,4.238280952158996,6.018010523452533,9.764777085222038,8.24012912292203,4.044816194132597,4.190591575146941,6.019779504101263,9.817752030985837,8.217255076909662,2.588582255042591,2.7163934211286307,2.6553076117041616,2.694101288089376,2.556503347807827,9.643755403945988,9.58994183653142,9.627637038159559,2.06382704070321,7.141443538996623,7.049616415263617,7.064709378016946,7.106970448589551,7.0809106083826165,4.358665709636404,4.69438154524466,3.584429148750684,4.846627553826037,4.09389461810426,5.066478238863574,2.1339024377505194,2.5735164229977716,3.205137238124264
2.9693360802767748,2.389949121418497,3.0286786594924715,3.3576718858333945,2.4519568790370467,3.430542125647934,3.0755273291223926,2.7203406582420158,2.2786656010027073,1.8123751947949267,1.9194460571063225,1.8357452707281858,1.846708315577657,0.0,2.493907633663529,2.552540103684567,2.4843370462682577,2.7157317960040843,2.72287522639641,2.991843524644322,2.9875549275550974,3.170855185113326,2.9767616375996693,3.3350717497292974,2.909288844723706,2.8249373063705594,2.8121666110448746,2.7592492705515306,2.6855882682614354,3.517338006023267,3.052094792268038,5.8801084161991595,5.584139749966084,5.5851030172203915,5.275894240607653,5.829797832131668,5.9787656748520615,6.312821076627905,6.458236805380798,2.813304382117301,2.7316340326550193,2.604882754647255,2.517820588799859,2.3518531856172613,2.2102247899903578,2.186254654494058,2.1566214450555075,2.1139572854179476,2.101793146267949,2.0772206358937364,2.1107402646988813,2.151487010753147,2.12350849412885,2.7360920845734915,2.901085194441407,3.842020441950369,4.10043161392677,4.159219271515029,6.260727129786343,10.211771210670605,8.56545929886553,4.480903403458885,4.465665035616249,6.469297451418226,10.212095956273714,8.57412380253776,4.48874982772654,4.3489383052075485,6.580369514828255,10.200337585809766,8.713715300172888,4.477854145418862,4.587563472564021,6.389260573551308,10.15022841406598,8.62521696683774,4.3866168510396,4.523020422623678,6.401315412049451,10.204792149872226,8.60378057271396,2.5737309460162985,2.682869071734374,2.6221005558160986,2.662247394138503,2.578186865630472,10.004246573762842,9.953306411475666,9.990088429453976,2.0445644729851793,6.92610275704072,6.83302525273326,6.8459359230268895,6.889789276171807,6.867839683552728,4.765736845314577,5.0770983821735545,3.920321135644386,5.227977178496353,4.468249091040939,5.4561608032073945,2.2108001847239063,2.501330880598181,3.2590608020077365
4.026144666729735,1.992174252229068,2.0616938868008883,2.25026390219806,2.811862625173807,2.286782608151424,2.3639445940159662,3.3238382511730915,2.2776039226022236,2.2354370688010983,2.459539368279372,2.3412208639850225,2.135313294098176,2.493907633663529,0.0,1.924188473897115,1.8076766876235824,1.9469381332804927,2.016805090570376,2.0883008696778687,2.1174632770357507,2.209084052778687,2.1317922879180276,2.3149758038409454,2.115163193272116,2.085760961230024,2.063676244547878,2.016597819270506,2.0117384903210267,4.030311441509744,3.960697625003659,7.04137384878967,6.726525680806108,6.731304360240461,6.413011671615811,6.990213499053524,7.144662563347485,7.479100346441096,7.627640892224491,3.8298485869671755,3.7389611195131622,3.6120104857727733,3.527264387367188,3.3304164387526,3.134133922854067,3.1072285980851513,3.0928677093966956,3.005353409269764,3.019478078936441,2.984975763407232,3.018052121199085,3.069596686110658,3.0420869230813548,3.183228145982963,2.399367851213298,4.632115040885371,3.0986924319930225,3.205899774113645,5.064613911515766,8.97736375983261,7.339886252934828,3.4939595929412834,3.547339149387792,5.27957659467395,8.974630259722229,7.353518643858618,3.5047381215847526,3.4898816765719336,5.393490390193595,8.970214441773116,7.48905500877045,3.4894447125545924,3.6365254241612437,5.2157374466882915,8.91582443062477,7.402596193136181,3.412732608223199,3.5940486171334842,5.225417170840549,8.969324870542566,7.380238649199115,3.3303261137900946,3.465755034917359,3.4042875680463336,3.442739218840484,3.23424472538167,8.819760063890836,8.757712172893857,8.798306323370184,2.9426753329573896,8.152516744487567,8.058952283833323,8.074349609341287,8.11748994195304,8.092538203956646,3.5637733173230584,3.9089428451194723,3.108726134447407,4.059249377123527,3.3966844852121736,4.273936756750049,2.714555842449866,3.42932586069744,3.691826923272677
4.0878799737855465,2.0369809702129955,2.0931003736862195,2.275897178619169,2.8571941353697117,2.315663005557528,2.3783803314885024,3.3684379047762056,2.3332893813062237,2.293893608971363,2.525036045649009,2.4123547180924305,2.198772523525824,2.552540103684567,1.924188473897115,0.0,1.8727751653301374,2.0005584660264626,2.0644244463268526,2.0958898372597687,2.1240175958396033,2.2414566340609277,2.159778768245056,2.3372140239433383,2.1477348737060584,2.131381746865837,2.1129582070698794,2.0751298090304484,2.0682951256083797,4.084479161333743,4.018640155397808,7.09755223824723,6.784691136792146,6.789505002178025,6.471579467421453,7.046322005593241,7.201491886337601,7.538882490249152,7.686792471585718,3.8817595679399792,3.7921455702111393,3.671139610766181,3.565450105221348,3.378147819215262,3.1881708575476804,3.1638932607711174,3.1475123928606834,3.0657444565116068,3.0771509617231074,3.0435706881450963,3.0824086659684746,3.136650402040072,3.1032553364950317,3.2224163659515526,2.4274166683071168,4.688564775552331,3.1140563241104333,3.239118357673111,5.061888387556604,8.966184482470885,7.342108132975875,3.5146734729243385,3.5759669365595608,5.29154435487541,8.969038662780276,7.357391576953514,3.5362564126062135,3.5032904958252318,5.385296779337967,8.957244134581753,7.489442338137717,3.521876870830724,3.6790503161275057,5.225069261370045,8.904127548081881,7.403552082852039,3.4384664893693744,3.633488491842395,5.211460727059853,8.956884710293894,7.38135324196565,3.3943664890850163,3.521183270225115,3.43940307440325,3.508318667967414,3.277316617552,8.813165021572779,8.74884013954813,8.790122601098512,2.9992757414439635,8.201821578223747,8.111645632725807,8.125953442094485,8.1683529094009,8.143879057777237,3.57733655098656,3.92405233826528,3.0973021335689284,4.059690964806934,3.413938306191124,4.28336276843914,2.7590158401574882,3.4701752853774295,3.720750365497902
4.042946981235712,1.9500846889602728,1.9497721860979063,2.125250233447006,2.7998966563791807,2.170796406267444,2.284235276281737,3.326471062978989,2.2481508855891743,2.2084938642875303,2.4491332918511803,2.3173158916725334,2.113037384747366,2.4843370462682577,1.8076766876235824,1.8727751653301374,0.0,1.870486590033055,1.947942952714152,1.978276022010303,2.017083630366894,2.111794205517811,2.045633359128239,2.2061125774681303,2.0174535419024737,2.0239252299436927,1.993531740135003,1.9651460707943489,1.94044225688293,4.025665510968537,3.9640704773094146,7.065824987550903,6.747660323731699,6.751709218077581,6.4345296801144105,7.01145944258511,7.163301519065252,7.503781866605969,7.6521380775289245,3.841979781942082,3.7468558148893982,3.627933828220254,3.5379265031911835,3.334181682496167,3.1430408913139924,3.1246274647774257,3.0968757273727823,3.0055486969120526,3.0172594354021687,2.9813074104841535,3.023013540093678,3.0732496831455194,3.046654588213005,3.186869412068174,2.346713313584601,4.6580717203105255,3.0039169833681774,3.1149901334125767,4.964095097393167,8.879965834830418,7.253538172767422,3.4023786804279434,3.458001726548545,5.185467377696529,8.879489015855508,7.267625137699622,3.4111883460060057,3.3876107603045726,5.294136101650736,8.871235521139868,7.398662134380349,3.4035565536371575,3.554724833427788,5.117287591026431,8.819458017519377,7.312330513369539,3.3311685481777693,3.504895268883495,5.117310683086611,8.872848111913145,7.285550266862737,3.3342375462580454,3.466123187884976,3.3960828563041474,3.4349032872398233,3.2221925083232774,8.713663400076513,8.652849766704353,8.69337229397857,2.9246264280073007,8.18067997873423,8.08757842248256,8.104349962821992,8.147214833827523,8.119985204443564,3.4442980631900206,3.8125459733324742,3.019476053748653,3.9487655882267303,3.2994826909570762,4.170498654149308,2.718730708022541,3.429768465821273,3.708143986977043
4.293896800631457,2.108897793977877,1.9877216737270313,2.11868333568343,2.9836447027931596,2.152676735259932,2.389478216349781,3.5525968663879137,2.447482032239929,2.4372026695568643,2.6768033803225393,2.5794568030094336,2.3539822744516097,2.7157317960040843,1.9469381332804927,2.0005584660264626,1.870486590033055,0.0,2.0414613758048255,2.01957026195336,2.066036685563969,2.1249821286105126,2.107085656734108,2.198227868979302,2.0804081053412755,2.117579346940751,2.096978593694318,2.0630968518565114,2.0638658356280914,4.266077523511186,4.230086862423716,7.322439262832736,7.006774858124915,7.009765129306322,6.692703756207704,7.269847194346353,7.42154329282604,7.763061142373963,7.90952780209839,4.0755686135781435,3.995892389126606,3.872360833703064,3.777193390433623,3.5825513627504186,3.3824388481129675,3.375544448735885,3.339543832943522,3.2579403075153337,3.270643619659227,3.2362435862771517,3.2729723260960144,3.3206591429283017,3.2972512557579465,3.3629445281621617,2.419763002438323,4.879318986111924,2.9609787325480514,3.079041687283458,4.851905811994318,8.752004697351122,7.146108847132092,3.3435875784906672,3.425388370599729,5.083641059637799,8.75344118000124,7.164435855304044,3.3726691371257895,3.3841466413237504,5.182277859921693,8.743947199984039,7.296463652692272,3.36057655052586,3.510011340340887,5.01123762314564,8.691876390641596,7.209127730553455,3.271996703939804,3.4762063756617314,5.010054945185024,8.746782841395467,7.185760551587913,3.5568550389921088,3.678378730252275,3.6151083667073065,3.6566491003609847,3.4266723965962953,8.605015200554622,8.54186618065877,8.589158010878759,3.179532568958942,8.425167576996827,8.330588400555726,8.351543413648923,8.393058434237943,8.367763590149002,3.3644122600496438,3.7360515177329177,3.0214828707907047,3.8681865670993263,3.2381419103263216,4.0678015690061,2.935470037269784,3.671738400906678,3.903664596914992
4.28698105836551,2.1628959641565695,2.0970393853021054,2.24240564394192,3.00251225351933,2.278992542978253,2.4196146463627812,3.54226687715075,2.469553948412387,2.4749625686299264,2.6905596152691276,2.5955894912845325,2.3871005051864893,2.72287522639641,2.016805090570376,2.0644244463268526,1.947942952714152,2.0414613758048255,0.0,2.125246358569088,2.1621207269941265,2.2278155254008776,2.197382834037512,2.304406959613805,2.1570573298553506,2.1821330706133724,2.134118804926199,2.1382768089514244,2.128752277659868,4.2899751066947935,4.226338502397274,7.29407822455537,6.986911429436502,6.988357456900509,6.673617192928219,7.2467449177257395,7.3967120591198725,7.734019933820354,7.883691948249776,4.071045017712571,3.983409118313808,3.8461374861260937,3.770605839147545,3.580792501179083,3.376320853496228,3.3682863109043817,3.3392372812412923,3.260100833786446,3.268145046161366,3.2277445328425642,3.272325088026323,3.324545497962861,3.2923539522808993,3.400579374811926,2.4884268368133826,4.872683222391518,3.0473127000271925,3.176694045652284,4.962852801907374,8.853717721524568,7.258483270931147,3.431935075272509,3.5062507093469066,5.182964824269817,8.853705219177867,7.271839748614991,3.462845275881144,3.4792536109701984,5.28920870989603,8.843391203922883,7.402143360428301,3.4417313424378913,3.6080049983413445,5.118334030851592,8.790435660499075,7.311726553794776,3.379270113751857,3.5761685983258307,5.117039398813299,8.847101005523776,7.2936957270000935,3.5528785701619947,3.678832775199438,3.6070307239815502,3.649908177639421,3.4361100535679516,8.703833056658443,8.642948911171539,8.686503905941782,3.186998998494156,8.394352139442084,8.303220194161208,8.31634727091594,8.35986704305705,8.334676479926955,3.4946363976416217,3.8537679901325124,3.107876806753634,3.9856249612172827,3.342183368055612,4.1810113983692005,2.938197590408951,3.6591566547100385,3.9018703549842173
